0	0	0	0	0	0
0	4	0	132	4196208	4196226
1	4	0	132	4196231	4196236
2	6	0	104	4196226	4196231
3	6	0	104	4196236	4196241
4	4	0	138	4196241	4196256
5	4	0	138	4196266	4196269
6	4	0	139	4196256	4196266
7	4	0	139	4196269	4196274
8	4	0	139	4196284	4196287
9	4	0	140	4196274	4196284
10	4	0	140	4196287	4196292
11	4	0	140	4196302	4196307
12	4	0	141	4196292	4196302
13	4	0	141	4196307	4196312
14	4	0	141	4196320	4196336
15	4	0	141	4196340	4196368
16	6	1	31	4196368	4196369
17	7	0	31	4196654	4196791
18	7	0	32	4196382	4196387
19	7	0	32	4196555	4196559
20	7	0	32	4196573	4196578
21	7	0	32	4196589	4196596
22	7	0	32	4196610	4196612
23	7	1	34	4196480	4196481
24	8	0	34	4196312	4196320
25	8	0	34	4196336	4196340
26	8	0	34	4196378	4196382
27	8	0	34	4196387	4196435
28	8	0	34	4196480	4196555
29	8	0	34	4196559	4196573
30	8	0	34	4196578	4196589
31	8	0	34	4196596	4196610
32	8	0	34	4196612	4196654
33	8	0	34	4197512	4197544
34	7	0	132	4196435	4196480
35	7	0	141	4196368	4196378
36	4	1	145	4196817	4196818
37	7	0	34	4196827	4196856
38	7	0	96	4197421	4197432
39	7	1	98	4196856	4196857
40	8	0	98	4197139	4197155
41	8	0	99	4196856	4196875
42	8	0	99	4196885	4196894
43	8	0	100	4196894	4196901
44	8	0	101	4196875	4196885
45	8	0	101	4196901	4196920
46	8	1	102	4196920	4196921
47	9	0	102	4197030	4197035
48	9	0	103	4196920	4196963
49	9	0	104	4196963	4197030
50	8	0	107	4196817	4196827
51	8	0	107	4197035	4197072
52	8	1	108	4197072	4197073
53	9	0	108	4197109	4197139
54	9	0	109	4197072	4197109
55	7	1	113	4197155	4197156
56	8	0	113	4197407	4197421
57	8	0	114	4197155	4197177
58	8	0	114	4197179	4197184
59	8	0	115	4197184	4197191
60	8	0	116	4197177	4197179
61	8	0	116	4197191	4197208
62	8	1	117	4197208	4197209
63	9	0	117	4197309	4197317
64	9	0	118	4197208	4197240
65	9	0	119	4197240	4197309
66	8	0	121	4197317	4197344
67	8	1	122	4197344	4197345
68	9	0	122	4197378	4197407
69	9	0	123	4197344	4197378
70	4	1	145	4197606	4197607
71	7	0	31	4197613	4197618
72	9	0	31	4197606	4197613
73	7	0	50	4197734	4197747
74	7	1	51	4197669	4197670
75	8	0	51	4197664	4197669
76	10	0	97	4197701	4197720
77	8	0	52	4197669	4197701
78	10	0	97	4197624	4197664
79	9	0	97	4197720	4197734
80	6	0	107	4196791	4196817
81	8	0	97	4197544	4197566
82	8	0	97	4197572	4197577
83	8	0	31	4197566	4197572
84	8	0	31	4197577	4197606
85	8	0	97	4197747	4197776
86	8	0	97	4197776	4197808
87	4	0	159	4197432	4197452
88	4	0	162	4197452	4197460
89	4	0	163	4197460	4197468
90	4	0	164	4197468	4197478
91	4	0	165	4197478	4197488
92	4	0	168	4197488	4197505
93	4	0	112	4196176	4196177
94	4	0	123	4196177	4196202
95	4	0	113	4198064	4198068
96	4	0	115	4198068	4198083
97	4	0	117	4198083	4198104
98	4	1	121	4198104	4198105
99	5	0	121	4198112	4198117
100	5	0	122	4198104	4198112
101	4	0	123	4198117	4198131
102	4	0	124	4198131	4198134
103	4	0	124	4198138	4198150
104	4	0	125	4198134	4198138
105	4	0	354	4198160	4198164
106	6	0	115	4198164	4198179
107	6	0	117	4198179	4198200
108	6	1	121	4198200	4198201
109	7	0	121	4198208	4198213
110	7	0	122	4198200	4198208
111	6	0	123	4198213	4198227
112	6	0	124	4198227	4198230
113	6	0	124	4198234	4198246
114	4	0	361	4198230	4198234
115	4	0	365	4198256	4198260
116	8	0	115	4198260	4198275
117	8	0	117	4198275	4198296
118	8	1	121	4198296	4198297
119	9	0	121	4198304	4198309
120	9	0	122	4198296	4198304
121	8	0	123	4198309	4198323
122	8	0	124	4198323	4198331
123	8	0	372	4198347	4198354
124	4	0	368	4198331	4198342
125	4	0	372	4198342	4198347
126	4	0	378	4198368	4198380
127	4	0	554	4198432	4198437
128	4	0	560	4198448	4198449
129	4	0	560	4198452	4198453
130	4	0	560	4198462	4198466
131	4	0	567	4198449	4198452
132	4	0	567	4198453	4198457
133	6	0	524	4198457	4198462
134	6	0	524	4198466	4198488
135	6	0	525	4198488	4198493
136	8	0	97	4198530	4198557
137	6	0	528	4198557	4198567
138	6	0	104	4198493	4198520
139	4	0	571	4198520	4198530
140	6	0	104	4198384	4198420
141	4	0	0	4196016	4196022
142	4	0	0	4196144	4196150
143	4	0	0	4196080	4196086
144	4	0	0	4198688	4198690
145	4	1	0	4198640	4198641
146	5	0	0	4198576	4198677
147	4	0	0	4196048	4196054
148	4	0	0	4196096	4196102
149	4	0	0	4198692	4198701
150	4	0	0	4195928	4195954
151	4	0	0	4197808	4197850
152	4	0	0	4196064	4196070
153	4	0	0	4196112	4196118
154	4	0	0	4196032	4196038
155	4	0	0	4195984	4195990
156	4	0	0	4196128	4196134
157	4	0	0	4196160	4196166
158	4	0	0	4196000	4196006
159	4	0	0	4197984	4198012
160	4	0	0	4197856	4197895
161	4	0	0	4197904	4197906
162	4	0	0	4198016	4198029
163	4	0	0	4198032	4198054
164	4	0	0	4197920	4197973
165	4	0	0	4197976	4197978
0	0	0	0	0	0
