[     23      23       7       1      34 4196480 4196481]
[     23      24       8       0      34 4196312 4196320]
[     23      25       8       0      34 4196336 4196340]
[     23      26       8       0      34 4196378 4196382]
[     23      27       8       0      34 4196387 4196435]
[     23      28       8       0      34 4196480 4196555]
[     23      29       8       0      34 4196559 4196573]
[     23      30       8       0      34 4196578 4196589]
[     23      31       8       0      34 4196596 4196610]
[     23      32       8       0      34 4196612 4196654]
[     23      33       8       0      34 4197512 4197544]
[     46      46       8       1     102 4196920 4196921]
[     46      47       9       0     102 4197030 4197035]
[     46      48       9       0     103 4196920 4196963]
[     46      49       9       0     104 4196963 4197030]
[     52      52       8       1     108 4197072 4197073]
[     52      53       9       0     108 4197109 4197139]
[     52      54       9       0     109 4197072 4197109]
[     62      62       8       1     117 4197208 4197209]
[     62      63       9       0     117 4197309 4197317]
[     62      64       9       0     118 4197208 4197240]
[     62      65       9       0     119 4197240 4197309]
[     67      67       8       1     122 4197344 4197345]
[     67      68       9       0     122 4197378 4197407]
[     67      69       9       0     123 4197344 4197378]
[     74      74       7       1      51 4197669 4197670]
[     74      75       8       0      51 4197664 4197669]
[     74      76      10       0      97 4197701 4197720]
[     74      77       8       0      52 4197669 4197701]
[     74      78      10       0      97 4197624 4197664]
[     74      79       9       0      97 4197720 4197734]
[    118     118       8       1     121 4198296 4198297]
[    118     119       9       0     121 4198304 4198309]
[    118     120       9       0     122 4198296 4198304]
